baseMean log2FoldChange lfcSE stat pvalue padj
Niben261Chr01g0071007.1 24.3917030452912 8.05640806499706 1.09908066903268 6.8752078695439 6.1899531414169e-12 5.93034216869333e-10
Niben261Chr03g0166022.1 12.9819432948767 7.45158216307681 1.50914961193294 4.60629092577051 4.09914797980035e-06 0.000171210476843741
Niben261Chr07g0544004.1 45.161246586326 7.37832495858424 0.91142897781307 7.54674815704066 4.46260338002376e-14 5.3587423830934e-12
Niben261Chr18g1113002.1 12.9585762797272 6.99788256997892 1.63545838168675 3.97312621509651 7.09354366842854e-05 0.00230048281159329
Niben261Chr09g0468002.1 11.565163541177 6.82612512916241 1.496168417886 4.22821726052796 2.35550281878547e-05 0.000854326450927662
Niben261Chr17g1416003.1 10.9773200383322 6.70567246783587 1.40587183158198 4.41410968512886 1.0142652824836e-05 0.000399678993354735
Niben261Chr02g0849001.1 59.3824618665066 6.52733296920553 0.742466243232143 8.11798923405195 4.73970830667349e-16 6.82057457702034e-14
Niben261Chr14g1328008.1 20.5396254948997 6.15902874726987 1.35716768141955 4.16973438488508 3.04954846127437e-05 0.00108176796913709
Niben261Chr18g1433009.1 15.2298925589007 6.13756427535383 1.34623438878545 4.18765433591393 2.81852350215596e-05 0.0010048304850615
Niben261Chr15g0049001.1 17.2372764052355 5.95061634466354 1.42666038784479 3.82054228960377 0.000133158569774705 0.00400284383138713
Niben261Chr14g0450003.1 536.114328830612 5.613338071981 0.729859102189901 7.00592491980811 2.45359471621211e-12 2.44973512901807e-10
Niben261Chr02g1417009.1 19.2623254360754 5.58963458003335 1.14798678890606 4.43353062005476 9.27023343859217e-06 0.000368982281457245
Niben261Scf01441g0000001.1 12.8723950958016 5.57663321974594 1.16280282265126 4.36585904407328 1.26624119579404e-05 0.000488678361165073
Niben261Chr15g0757007.1 104.331241515196 5.37575167674586 0.54833197464176 8.89197037967979 6.00346993773471e-19 1.14110874581199e-16
Niben261Chr13g1272006.1 14.4827735479371 5.32803802056441 1.2028213753676 4.01392768655188 5.9716648373755e-05 0.00197081573797284
Niben261Chr03g1529005.1 25.9429720395149 5.20385657718389 1.13647894959223 4.13897378290346 3.48862809470275e-05 0.00122047044289483
Niben261Chr03g0184003.1 37.2473637806351 4.96622164140976 1.19927931397732 3.72408794961856 0.000196022586202279 0.00565997303328496
Niben261Chr03g0304003.1 121.476628538812 4.95854591595512 1.21770977647674 3.66141916742696 0.000250821999848564 0.00704760250009278
Niben261Scf03653g0000001.1 250.584624013402 4.91404462529357 0.527220364969164 8.3722953789005 5.65065883514416e-17 8.54668160154741e-15
Niben261Chr09g0917011.1 227.978693638715 4.87979525674889 1.05773188439884 4.14074239544944 3.46183567278411e-05 0.00121348606660196
Niben261Chr02g1034005.1 79.7229941765148 4.72681512008911 0.764036295970513 5.53221770010287 3.16207101446548e-08 1.89852452936083e-06
Niben261Chr07g0974001.1 49.8914471427744 4.63722318660041 1.0135284667314 4.0819999855977 4.46497995982784e-05 0.00152452687504439
Niben261Chr10g1037010.1 13.3502305492455 4.50849678908544 1.09617208268919 3.65681342590991 0.000255370113302511 0.00715841901200666
Niben261Chr02g0443004.1 19.6147773656002 4.47894409478806 0.915854590586545 4.34451509626633 1.39583644896757e-05 0.000535206156872744
Niben261Chr13g0808021.1 3003.59388899742 4.4643774515834 0.503628909630272 7.87162407831942 3.50066712260673e-15 4.67773354157645e-13
Niben261Scf00223g0000001.1 274.023045413564 4.45371144961218 1.03162474115189 3.83250933396339 0.000126842785101599 0.00384028956869781
Niben261Chr15g0408008.1 80.6624709831077 4.26548583547692 0.796805553236419 4.72572740009464 2.29293076944603e-06 9.96331678107453e-05
Niben261Chr10g1280001.1 51.36423804752 4.20006624297747 0.909566497523452 4.06794473307002 4.74296265561378e-05 0.0016117004266839
Niben261Chr17g0377011.1 22.1305778601427 4.18337537440064 1.03244986405865 3.56760701185136 0.000360256268688455 0.00973020426615688
Niben261Chr10g0105024.1 90.5935355370854 4.16962620313172 0.485357130822771 7.5606722763319 4.00991395954387e-14 4.83147056874669e-12
Niben261Chr02g1342003.1 27.3391789582391 4.16790405994237 0.994092863828618 3.68969961801749 0.000224518997189623 0.00640473774968535
Niben261Chr12g0289005.1 89.1143860844338 4.16517991529626 0.78807553489441 4.65079773829972 3.30653498257862e-06 0.000139747300143608
Niben261Chr03g0994012.1 456.997698612759 4.09205182633192 0.400579137887808 8.96714653007708 3.04295163567783e-19 5.94278422739192e-17
Niben261Chr13g0342003.1 100.251992081463 3.84669252274199 0.459646987074583 7.2810061130651 3.31339666726471e-13 3.61226499229726e-11
Niben261Chr13g0622002.1 552.370146818315 3.81320152221745 0.799773218366602 4.14267625638189 3.43276362814687e-05 0.00120448322210121
Niben261Chr14g0319015.1 591.514930945708 3.80002858574546 0.442890105278932 7.45112285510895 9.25491275206128e-14 1.07502163025904e-11
Niben261Chr05g1361007.1 513.030289009523 3.79620071889917 0.354060208108724 9.30971807452303 1.28172107012418e-20 2.79493826481558e-18
Niben261Chr10g0670001.1 94.8138083367651 3.79538222065154 0.561019506746114 5.87391736120656 4.25615600584667e-09 2.92612783504476e-07
Niben261Chr04g1661003.1 83.5607609264815 3.68026787413957 0.738523620394685 4.30625072281365 1.66044849386128e-05 0.000623879294564537
Niben261Chr05g0834007.1 33.1830543557304 3.6076640029621 0.804246935930605 3.86406694775427 0.00011151463632202 0.00345267964584483
Niben261Chr19g0087001.1 49.1316023807708 3.59162842429948 0.78564600444957 3.9351417900553 8.31475931499568e-05 0.0026505812115893
Niben261Chr10g0565007.1 40.8764277992363 3.55926881757766 0.622520470189759 4.91432645844582 8.90881970522516e-07 4.19410712056322e-05
Niben261Chr13g0342002.1 70.8921393439621 3.55572387263183 0.473774766100643 6.44973960471061 1.12042491623932e-10 9.26148447042102e-09
Niben261Chr06g1404007.1 87.1417782324928 3.52811677741389 0.747919195757494 4.04872183330849 5.14981080943032e-05 0.00173831790513192
Niben261Chr17g1469003.1 58.2387949510827 3.35594707577064 0.693168055382063 4.12013660121209 3.78647841140061e-05 0.00131176012334136
Niben261Scf00223g0000002.1 55.4920526419236 3.33409650414747 0.794294808528894 3.56806625665409 0.000359625576257721 0.00972055626045966
Niben261Chr06g0023003.1 147.3750102118 3.32501142567959 0.382843947665644 7.37901550463274 1.59464262646613e-13 1.81666594599719e-11
Niben261Chr04g1660009.1 325.445800553378 3.31431742985964 0.403425596333629 6.97605074005327 3.03593119853567e-12 2.98091542875005e-10
Niben261Chr08g0689005.1 70.4383010333864 3.26398238550922 0.71402001539596 3.87101527395763 0.000108382999924329 0.00336451122210512
Niben261Chr06g0759002.1 462.957074317456 3.26246765224106 0.705277165797629 3.91685394935034 8.97120615500508e-05 0.00283442268065334
Niben261Chr11g0762001.1 279.224726269783 3.24873215034218 0.724108592985932 3.79602200135137 0.000147036455045589 0.00436249061614391
Niben261Chr06g1391006.1 1973.70564631584 3.23136880261834 0.189205689395354 14.4359760604821 3.07264852885703e-47 1.98571307835808e-44
Niben261Chr16g0828002.1 6003.50437087258 3.23018459748069 0.759528385650707 3.59457875315835 0.00032491685487795 0.00887689830113902
Niben261Chr04g1152005.1 143.81437497565 3.1608461552302 0.478315708512891 5.56294954958287 2.65252594171554e-08 1.61164755679209e-06
Niben261Chr01g1124005.1 582.248379573164 3.12604801534338 0.345620360288816 7.59807093872866 3.00577560396759e-14 3.65881123518575e-12
Niben261Chr16g0273005.1 682.106802532734 3.0171517959309 0.255862278615954 9.83791674781851 7.72947406959269e-23 1.99084366905509e-20
Niben261Chr16g0052004.1 40.9069879724744 2.98389776906502 0.675350019388475 3.67794136041363 0.000235123995300919 0.00665916118643494
Niben261Chr09g0783008.1 1667.16656952245 2.98286765814638 0.284884935468934 8.71533503187684 2.89900057852356e-18 5.12647147079807e-16
Niben261Chr08g1269002.1 3650.42317199056 2.95473041711611 0.348251195293332 7.0487350805745 1.80551519931037e-12 1.81799524771353e-10
Niben261Chr16g0355007.1 7134.55102825265 2.95156215405453 0.145590469322972 16.8387543872537 1.26879240296309e-63 1.50326523903067e-60
Niben261Chr08g1046002.1 174.665106704161 2.93818719167318 0.61307076601841 3.97700775639327 6.97878895203551e-05 0.00227271581255256
Niben261Chr18g0652005.1 135.869760739207 2.93334088911087 0.566880171306273 4.29251367798538 1.76661663965112e-05 0.000656826588282001
Niben261Chr13g0012011.1 211.226370944312 2.90808662732975 0.410494709800292 5.86630368148056 4.45617315776748e-09 3.0401193612224e-07
Niben261Chr12g1302003.1 313.126979862065 2.89642386635334 0.330370083558371 7.25375566861801 4.05371095970722e-13 4.37948639367274e-11
Niben261Chr06g0715005.1 1029.87828060964 2.88224275272083 0.192598775003642 12.3689403147854 3.84865332531419e-35 1.73160169360718e-32
Niben261Chr09g1213001.1 260.485662135435 2.87222865649346 0.316057029954893 7.50569812300019 6.11020801733934e-14 7.31249945347843e-12
Niben261Chr07g1416003.1 1305.77501276954 2.82315403096351 0.304199132285364 7.63695153733772 2.22425172743417e-14 2.75466213937004e-12
Niben261Scf11042g0000001.1 307.471643043297 2.80019877257132 0.402744768334376 5.71130639904824 1.12112187674027e-08 7.20599565765934e-07
Niben261Chr08g0382002.1 1368.439966213 2.77637941186122 0.227614964716063 10.0010094446157 1.50851420828476e-23 4.06201734994497e-21
Niben261Chr18g0424008.1 452.328669037552 2.77601402424968 0.316885509034419 7.18244905292424 6.84735815077741e-13 7.24352672950096e-11
Niben261Chr06g0267017.1 1497.68569116561 2.7610869272496 0.528754644711179 4.27624976889739 1.90067972834489e-05 0.000701534374499385
Niben261Chr17g1179002.1 78.8870721370544 2.74742911465351 0.561517963486158 4.00241712785188 6.26986323201065e-05 0.00206157279110626
Niben261Chr09g1302003.1 132.965861496856 2.7163263581684 0.431652554150686 5.13451463881458 2.82873077076481e-07 1.44668210814481e-05
Niben261Chr10g0372005.1 109.515951092419 2.64230136715494 0.445348223612226 4.81039612054293 1.50631473215066e-06 6.81176219332862e-05
Niben261Chr13g0829007.1 169.903843387695 2.62329356148837 0.562067930932214 3.77764580513747 0.000158317820070463 0.00466604361242499
Niben261Chr15g0122001.1 696.398994959136 2.52259441830873 0.227523397146556 8.88961066718736 6.13234007922841e-19 1.15940370093667e-16
Niben261Chr15g1488002.1 148.315272582707 2.51862054339396 0.265935561343925 7.59063787179386 3.18334465441158e-14 3.86173387018448e-12
Niben261Chr18g1324010.1 103.241910318274 2.50584184621111 0.412398368244325 4.86384525416636 1.15126934261539e-06 5.26650161054328e-05
Niben261Chr05g0796001.1 14063.7504511794 2.49554490178366 0.52311072139646 3.81476582329739 0.000136312135161941 0.00408522641837777
Niben261Chr08g0283023.1 2643.44776819864 2.47948421912554 0.279063111924678 7.09332095336136 1.30931320179316e-12 1.34115932116819e-10
Niben261Chr03g1866001.1 154.81326320234 2.47200259032469 0.423683512342199 4.65442372166692 3.24888080325128e-06 0.000137474070560433
Niben261Chr07g0989002.1 169.541189804851 2.46446343598441 0.422419829059409 4.65050004958014 3.3113116581174e-06 0.000139782970993023
Niben261Chr12g0601018.1 952.370702677237 2.43771827228325 0.175422560780215 11.0460037960054 2.29191645003404e-28 8.14638783000099e-26
Niben261Chr03g1777004.1 198.897046004357 2.43020154455728 0.477925383194413 4.03870899606959 5.37461933822217e-05 0.00180562825858005
Niben261Chr07g0609009.1 1600.47697636891 2.41977877265609 0.487420624346835 3.93864903691484 8.19416885767962e-05 0.00262390574664292
Niben261Chr19g0704006.1 1747.59398489016 2.39868098637161 0.173221214499458 10.9610187866311 5.8833288105233e-28 2.03026251690524e-25
Niben261Chr03g0809017.1 244.80961874651 2.39480906228541 0.520180684687195 3.6425978858189 0.000269900291082246 0.00751240089759386
Niben261Chr06g1175014.1 140.082060873536 2.39183484454967 0.423829699294886 4.46366747704813 8.05685687458535e-06 0.00032431814354503
Niben261Chr13g0019004.1 210.581186851852 2.38243624889659 0.352156891483065 5.34544770931201 9.01938343398749e-08 5.03273100121901e-06
Niben261Chr14g1366012.1 129.147301711996 2.35197755157729 0.485599125075061 3.81379919350353 0.000136846674063576 0.00409434190481122
Niben261Chr16g0330007.1 65.998617174764 2.33633277576248 0.49343459672913 3.72153227182514 0.000198017552856144 0.00570367576881588
Niben261Chr07g1417001.1 15421.0366877501 2.32379939697153 0.22270166277083 8.18942873744192 2.62468980133173e-16 3.85504026027004e-14
Niben261Chr09g1310006.1 206.853537931787 2.31657255936976 0.264985625965483 6.85536263618461 7.11318434342009e-12 6.79653291135816e-10
Niben261Chr12g0235005.1 2869.26977883722 2.31361685494531 0.231830692942803 7.82302305153687 5.15696569036211e-15 6.78885883326781e-13
Niben261Chr08g0283022.1 383.255494241932 2.30002644346315 0.363104237919765 4.95732700277901 7.14696310076058e-07 3.40525008650716e-05
Niben261Chr09g0002013.1 26838.8796337587 2.29308294994439 0.497301048138613 3.60562873666939 0.000311398069532688 0.00856019565620253
Niben261Chr13g0847006.1 10866.9092734128 2.28720487484721 0.127609700241219 14.0052431082346 1.44783435590009e-44 9.02839023616012e-42
Niben261Chr03g1491010.1 620.345185928575 2.27734666139022 0.196377539089859 9.05066164708856 1.42104636236883e-19 2.85365377988913e-17
Niben261Chr03g1590002.1 2031.32890934573 2.24327993460149 0.237227559676264 7.34855569471137 2.00359980192783e-13 2.26802392865359e-11
Niben261Chr05g0547007.1 268.536025722751 2.23604758156284 0.460214807948278 3.77225493743335 0.000161778832562799 0.00475621739008448
Niben261Chr19g0729008.1 15304.1266697204 2.21905098135614 0.0834980527594126 20.5879170177696 3.52187659690341e-94 9.62935244310268e-91
Niben261Chr12g0233012.1 131.042616688135 2.20436720722603 0.438427519116386 3.88745489941196 0.000101300802039826 0.00316400325808751
Niben261Chr13g0678005.1 1279.35933862042 2.18882619088149 0.185291589562874 9.114424431598 7.90891545965329e-20 1.65361465351716e-17
Niben261Chr13g0847005.1 458.428494883847 2.18743887327616 0.241383833555264 6.99068719069716 2.73543049915489e-12 2.70078171283226e-10
Niben261Chr14g1079001.1 447.033561322058 2.16751155407707 0.414132254325366 4.02651939485731 5.66085721500647e-05 0.00188046269953448
Niben261Chr05g1086013.1 959.62552949902 2.16261217600813 0.245249824929612 6.77925937963588 1.20793494043093e-11 1.13284536999148e-09
Niben261Chr06g0170014.1 194.53126661563 2.149729097509 0.347275491468192 4.75049100221375 2.02923324195054e-06 8.90457609282591e-05
Niben261Chr01g1230001.1 373.100979878393 2.14517172121034 0.440064379206646 3.73847963831173 0.000185136484152926 0.00537182954508702
Niben261Chr16g0286002.1 2358.62416425086 2.13716855422314 0.443834967155087 3.68868763251605 0.000225413760463819 0.00642299264532618
Niben261Chr19g0257004.1 259.641337665318 2.11938787875736 0.422488534844453 3.8329747323287 0.000126602961887983 0.00383629640012487
Niben261Chr13g1332011.1 849.994925562989 2.10418424772814 0.249687864410208 6.42475857413982 1.32078970382031e-10 1.07428259113476e-08
Niben261Chr11g1401007.1 3939.49568989951 2.09635820306947 0.1581409831842 10.0945255994144 5.84128232756924e-24 1.63482314213481e-21
Niben261Chr03g0301003.1 1121.84310858274 2.0898839998005 0.186744669821729 8.51367806812503 1.68501415390121e-17 2.68574632673833e-15
Niben261Chr09g0834015.1 1936.20914498321 2.08428457804698 0.286260771308657 5.53441035879397 3.12277087483365e-08 1.87810098096594e-06
Niben261Chr06g1383016.1 311.348757586559 2.0812743721307 0.323780341712016 4.88378745840337 1.04067249569154e-06 4.79762168441767e-05
Niben261Chr11g0678001.1 79263.3380865323 2.07391233335731 0.155601531398475 10.1150182727104 4.73928578894456e-24 1.33692995303369e-21
Niben261Chr19g0275001.1 297.439988075238 2.06395931911817 0.372044975373688 4.20368348624331 2.62606087128499e-05 0.000943116594194267
Niben261Chr16g0282004.1 87.3921999046628 2.06060939457813 0.390940513238356 3.99193570819974 6.55361424662714e-05 0.00215127865143067
Niben261Chr05g1095002.1 361.368931408132 2.04452244114939 0.301377845366486 5.12487054007305 2.97742254939203e-07 1.52053889505159e-05
Niben261Chr13g1053020.1 29882.8095754505 2.03154375677613 0.299059333723892 5.12120366786525 3.03591530418767e-07 1.54818613446265e-05
Niben261Chr03g1776001.1 423.575092878055 2.02423385469131 0.378013197418328 4.03222391467068 5.52515055905289e-05 0.00184399954432841
Niben261Chr06g1467001.1 11262.2304111194 2.02277519562324 0.162896023447214 9.34814222838712 8.92006664377779e-21 1.96928477507104e-18
Niben261Chr17g0115007.1 73208.7159834352 2.02093151142653 0.359700139419421 4.22833172620229 2.35430500118166e-05 0.000854326450927662
Niben261Chr09g0860002.1 7147.78693574793 2.01704228878804 0.235884292168098 6.4312984762332 1.26518441807697e-10 1.03856154633089e-08
Niben261Chr03g1826003.1 5507.13268081151 2.01500045357509 0.197890766933814 7.65574097795978 1.92200773001371e-14 2.39704711423184e-12
Niben261Chr15g1105001.1 202.15456232669 2.00738395159422 0.281500210015079 5.35482354174254 8.56399519690361e-08 4.80882535985374e-06
